1548205075947958274
1548218137329352704

1548338005844275200
1548340541376512001
1548339726154809346
1548341621174857729
1548345878427054082
1548346070735785989
1548346309211348992
1548346475955924992
1548346813022801927
1548346991222018051
1548347499747762178
1548348386402635777
1548349386651906050
1548335136822792195
1548234579206479873
1548140878606127105
1548061339150495746
1548049770526060545
1547787174929584129
1547656996114944002
1547585932815044611
1547302263294533633
1547299713380061184
1547299529833291778
1547091656142254081
1547015107854696449
1547010873738289154
1546952215654383616
1546941836119289857
1546941757958397952
1546941490026336256
1548356431585296388
1548356431585296388
1548356439218872321
1548356439218872321
1548355900481515522
1548355900481515522
1548352596120719360
1548352596120719360
1548356608136138752
1548356608136138752
1548357004413898752
1548357004413898752
1548357243963203584
1548357243963203584
1548357377522405376
1548357377522405376
1548358151312850944
1548358704231108608
1548358704231108608
1548359614969683970
1548359614969683970
1548360360100450308
1548360360100450308
1548360663902236672
1548360663902236672
1548361522673373191
1548361522673373191
1548362679483437059
1548362679483437059
1548370476610646016
1548370742273642502
1548370742273642502
1548371176644231169
1548371176644231169
1548371234919829505
1548371234919829505
1548371736357269511
1548371736357269511
1548371778044448769
1548371778044448769
1548372051810873344
1548372051810873344
1548372131930509316
1548372131930509316
1548372106131296256
1548372106131296256
1548372196933767168
1548372672362426370
1548372672362426370
1548372698773929985
1548372698773929985
1548373564759240709
1548373564759240709
1548373768333971459
1548373768333971459
1548373807777267715
1548373932280987650
1548373932280987650
1548374254793543680
1548374254793543680
1548374640510177281
1548375008715517953
1548375008715517953
1548376616903929856
1548378396672946177
1548378396672946177
1548378965991051264
1548378965991051264
1548379147130458113
1548379147130458113
1548379434020876291
1548379579974266884
1548379579974266884
1548379986532265989
1548379986532265989
1548380041389568000
1548380163351531525
1548380163351531525
1548380194091610113
1548380194091610113
1548385400799973380
1548385400799973380
1548386627273121795
1548386627273121795
1548385968243089410
1548385968243089410
1548380598997200898
1548380598997200898
1548388847834148869
1548388847834148869
1548388910903898113
1548388910903898113
1548391376965906432
1548391376965906432
1548392679196700674
1548392679196700674
1548392845328863232
1548392845328863232
1548393120869470209
1548393120869470209
1548395303010648068
1548395309893505025
1548395309893505025
1548397124240359427
1548399450405494786
1548399467065356292
1548399467065356292
1548406331442229251
1548406788864634881
1548406788864634881
1548405405453131776
1548407390407520256
1548418391450329088
1548418391450329088
1548431580594466817
1548431596935528448
1548431596935528448
1548432178412851202
1548432254069747713
1548432249791467520
1548432249791467520
1548432322319360007
1548432322319360007
1548433189797916674
1548433189797916674
1548436026137358337
1548436026137358337
1548436534293975041
1548436534293975041
1548442162395721731
1548442222843928577
1548442222843928577
1548442357267173376
1548442357267173376
1548444508613775361
1548444508613775361
1548445760928092167
1548445760928092167
1548448206266122241
1548448231125700609
1548448231125700609
1548457823159193603
1548464654711541762
1548470445124440065
1548470445124440065
1548473300891758593
1548473300891758593
1548475508995682307
1548475508995682307
1548479696324550657
1548479696324550657
1548781416376176640
1548781416376176640
1548769620529750017
1548769620529750017
1548755824700375040
1548755824700375040
1548754874858319872
1548754874858319872
1548575497981870080
1548575497981870080
1548496393781723136
1548496393781723136
1548781871634403328
1548781871634403328
1548782365312331776
1548782374640447488
1548782374640447488
1548782365312331776
1548782425697685511
1548782425697685511
1548782374640447488
1548782374640447488
1548782425697685511
1548782425697685511
1548818339039830016
1548818339039830016
1548818339039830016
1548818339039830016
1548834366830559232
1548834366830559232
1548834366830559232
1548834366830559232
1548858022268530690
1548858022268530690
1548858022268530690
1548858084713369600
1548858084713369600
1548858084713369600
1548858084713369600
1548858500641464321
1548858500641464321
1548858500641464321
1548858536767107072
1548858536767107072
1548858536767107072
1548858536767107072
1548859349585510401
1548859349585510401
1548859349585510401
1548859349585510401
1548859980622725122
1548859980622725122
1548859980622725122
1548859980622725122
1548860355904000000
1548860355904000000
1548864115539836928
1548864115539836928
1548869243197857792
1548869243197857792
1548884930729771010
1548884930729771010
1548884930729771010
1548884930729771010
1549906159657635840
1549906159657635840
1549905911820431360
1549905911820431360
1549905630181281792
1549905630181281792
1549905089174929408
1549905089174929408
1549903866203742208
1549903866203742208
1549903679976882176
1549903679976882176
1549903092644081670
1549903092644081670
1549903069273640963
1549903069273640963
1549899798719119360
1549899798719119360
1549899664232968193
1549899664232968193
1549907001366302720
1549907637038288896
1549907972792483842
1549907972792483842
1549908910894637057
1549908910894637057
1549908905517776896
1549908905517776896
1549908945749278720
1549908945749278720
1549909125630291968
1549909125630291968
1549909111068069888
1549909111068069888
1549909167645007872
1549909167645007872
1549909342182264832
1549909342182264832
1549911962980605953
1549911962980605953
1549912334730149889
1549912334730149889
1549912511281090560
1549912511281090560
1549912804697980928
1549912804697980928
1549913595974242304
1549913595974242304
1549913594539696130
1549913594539696130
1549914878718115841
1549914878718115841
1549916090263916544
1549916090263916544
1549917235669454848
1549917235669454848
1549918519311171585
1549918519311171585
1549938129594855429
1549938129594855429
