1548205075947958274
1548218137329352704

1548338005844275200
1548340541376512001
1548339726154809346
1548341621174857729
1548345878427054082
1548346070735785989
1548346309211348992
1548346475955924992
1548346813022801927
1548346991222018051
1548347499747762178
1548348386402635777
1548349386651906050
1548335136822792195
1548234579206479873
1548140878606127105
1548061339150495746
1548049770526060545
1547787174929584129
1547656996114944002
1547585932815044611
1547302263294533633
1547299713380061184
1547299529833291778
1547091656142254081
1547015107854696449
1547010873738289154
1546952215654383616
1546941836119289857
1546941757958397952
1546941490026336256
1548356431585296388
1548356431585296388
1548356439218872321
1548356439218872321
1548355900481515522
1548355900481515522
1548352596120719360
1548352596120719360
1548356608136138752
1548356608136138752
1548357004413898752
1548357004413898752
1548357243963203584
1548357243963203584
1548357377522405376
1548357377522405376
1548358151312850944
1548358704231108608
1548358704231108608
1548359614969683970
1548359614969683970
1548360360100450308
1548360360100450308
1548360663902236672
1548360663902236672
1548361522673373191
1548361522673373191
1548362679483437059
1548362679483437059
1548370476610646016
1548370742273642502
1548370742273642502
1548371176644231169
1548371176644231169
1548371234919829505
1548371234919829505
1548371736357269511
1548371736357269511
1548371778044448769
1548371778044448769
1548372051810873344
1548372051810873344
1548372131930509316
1548372131930509316
1548372106131296256
1548372106131296256
1548372196933767168
1548372672362426370
1548372672362426370
1548372698773929985
1548372698773929985
1548373564759240709
1548373564759240709
1548373768333971459
1548373768333971459
1548373807777267715
1548373932280987650
1548373932280987650
1548374254793543680
1548374254793543680
1548374640510177281
1548375008715517953
1548375008715517953
1548376616903929856
1548378396672946177
1548378396672946177
1548378965991051264
1548378965991051264
1548379147130458113
1548379147130458113
1548379434020876291
1548379579974266884
1548379579974266884
1548379986532265989
1548379986532265989
1548380041389568000
1548380163351531525
1548380163351531525
1548380194091610113
1548380194091610113
1548385400799973380
1548385400799973380
1548386627273121795
1548386627273121795
1548385968243089410
1548385968243089410
1548380598997200898
1548380598997200898
1548388847834148869
1548388847834148869
1548388910903898113
1548388910903898113
1548391376965906432
1548391376965906432
1548392679196700674
1548392679196700674
1548392845328863232
1548392845328863232
1548393120869470209
1548393120869470209
1548395303010648068
1548395309893505025
1548395309893505025
1548397124240359427
1548399450405494786
1548399467065356292
1548399467065356292
1548406331442229251
1548406788864634881
1548406788864634881
1548405405453131776
1548407390407520256
1548418391450329088
1548418391450329088
1548431580594466817
1548431596935528448
1548431596935528448
1548432178412851202
1548432254069747713
1548432249791467520
1548432249791467520
1548432322319360007
1548432322319360007
1548433189797916674
1548433189797916674
1548436026137358337
1548436026137358337
1548436534293975041
1548436534293975041
1548442162395721731
1548442222843928577
1548442222843928577
1548442357267173376
1548442357267173376
1548444508613775361
1548444508613775361
1548445760928092167
1548445760928092167
1548448206266122241
1548448231125700609
1548448231125700609
1548457823159193603
1548464654711541762
1548470445124440065
1548470445124440065
1548473300891758593
1548473300891758593
1548475508995682307
1548475508995682307
1548479696324550657
1548479696324550657
1548781416376176640
1548781416376176640
1548769620529750017
1548769620529750017
1548755824700375040
1548755824700375040
1548754874858319872
1548754874858319872
1548575497981870080
1548575497981870080
1548496393781723136
1548496393781723136
1548781871634403328
1548781871634403328
1548782365312331776
1548782374640447488
1548782374640447488
1548782365312331776
1548782425697685511
1548782425697685511
1548782374640447488
1548782374640447488
1548782425697685511
1548782425697685511
1548818339039830016
1548818339039830016
1548818339039830016
1548818339039830016
1548834366830559232
1548834366830559232
1548834366830559232
1548834366830559232
1548858022268530690
1548858022268530690
1548858022268530690
1548858084713369600
1548858084713369600
1548858084713369600
1548858084713369600
1548858500641464321
1548858500641464321
1548858500641464321
1548858536767107072
1548858536767107072
1548858536767107072
1548858536767107072
1548859349585510401
1548859349585510401
1548859349585510401
1548859349585510401
1548859980622725122
1548859980622725122
1548859980622725122
1548859980622725122
1548860355904000000
1548860355904000000
1548864115539836928
1548864115539836928
1548869243197857792
1548869243197857792
1548884930729771010
1548884930729771010
1548884930729771010
1548884930729771010
1549906159657635840
1549906159657635840
1549905911820431360
1549905911820431360
1549905630181281792
1549905630181281792
1549905089174929408
1549905089174929408
1549903866203742208
1549903866203742208
1549903679976882176
1549903679976882176
1549903092644081670
1549903092644081670
1549903069273640963
1549903069273640963
1549899798719119360
1549899798719119360
1549899664232968193
1549899664232968193
1549907001366302720
1549907637038288896
1549907972792483842
1549907972792483842
1549908910894637057
1549908910894637057
1549908905517776896
1549908905517776896
1549908945749278720
1549908945749278720
1549909125630291968
1549909125630291968
1549909111068069888
1549909111068069888
1549909167645007872
1549909167645007872
1549909342182264832
1549909342182264832
1549911962980605953
1549911962980605953
1549912334730149889
1549912334730149889
1549912511281090560
1549912511281090560
1549912804697980928
1549912804697980928
1549913595974242304
1549913595974242304
1549913594539696130
1549913594539696130
1549914878718115841
1549914878718115841
1549916090263916544
1549916090263916544
1549917235669454848
1549917235669454848
1549918519311171585
1549918519311171585
1549938129594855429
1549938129594855429
1556031601192177665
1556031601192177665
1556031581806010374
1556031581806010374
1555962469906087937
1555962469906087937
1555900040631226368
1555900040631226368
1555896235684413442
1555896235684413442
1555717636180176897
1555717636180176897
1555700026302758913
1555700026302758913
1555689135066664961
1555689135066664961
1555678053413670912
1555678053413670912
1556046615516827648
1556046630255611904
1556046630255611904
1556049186927157248
1556105630426968065
1556072305285107712
1556072305285107712
1556105672554467330
1556105672554467330
1556105993053806593
1556106066781298688
1556106066781298688
1556107030661779456
1556107095451152385
1556107095451152385
1556117797242998784
1556117797242998784
1556789673699057665
1556789673699057665
1556768169532030977
1556768169532030977
1556678484298084353
1556678484298084353
1556635033099816962
1556635033099816962
1556305048421801990
1556305048421801990
1556303351498903553
1556303351498903553
1556290784533458944
1556290784533458944
1556290493272584193
1556290493272584193
1560055865532637184
1560055865532637184
1560006550114148354
1560006550114148354
1560002456536469505
1560002456536469505
1560001443658186752
1560001443658186752
1560001360954884096
1560001360954884096
1560000791800188928
1560000791800188928
1559991502159286272
1559991502159286272
1559960759722905600
1559960759722905600
1559950161941520385
1559950161941520385
1559948245568143360
1559948245568143360
1560064503617921033
1560064503617921033
1560113341493919745
1560113341493919745
1560114111291314176
1560114111291314176
1564758829480288256
1564758829480288256
1564756114771587072
1564756114771587072
1564738999184392192
1564738999184392192
1564738900668686337
1564738900668686337
1564737950633558016
1564737950633558016
1564737609515032577
1564737609515032577
1564732521941610497
1564732521941610497
1564730390304227331
1564730390304227331
1564722762396364800
1564722762396364800
1564798736349351936
1564798802430611456
1564798802430611456
1564799552137281536
1564799552137281536
1564799783092424705
1564799834862669824
1564799834862669824
1564799936243257345
1564800143521566721
1564800194872348672
1564800194872348672
1564800164727885824
1564800164727885824
1564800541682589698
1564800508543377408
1564800558975688705
1564800558975688705
1564800679759073281
1564800726001299456
1564800693000474630
1564800693000474630
1564800811804155906
1564800765268336640
1564800765268336640
1564800869111017472
1564800848785317888
1564800836508626944
1564800836508626944
1564800952070049792
1564800917727105024
1564800907086139392
1564800907086139392
1564800989462347777
1564800989462347777
1564801208920838144
1564801208920838144
1564801362512138241
1564801362512138241
1564801557366841345
1564801515113525248
1564801578984361985
1564801578984361985
1564801572109881344
1564801572109881344
1564801719523057665
1564801719523057665
1564801902574968832
1564801902574968832
1564802094724440064
1564802094724440064
1564802393891434496
1564802393891434496
1564802627354779648
1564802609772363777
1564802609772363777
1564802670912622592
1564802670912622592
1564807955190390784
1564807977646768128
1564807977646768128
1564809819936137216
1564809819936137216
1564810061049786368
1564810061049786368
1564944770493022212
1564944770493022212
1564973615581315074
1564973615581315074
1564975645792272384
1564975645792272384
1564980064940240896
1564980064940240896
1564994250369929217
1564994250369929217
1564997034696122370
1564997034696122370
1565016243718873088
1565016243718873088
1565032014612467713
1565032014612467713
1565032409862586370
1565032409862586370
1565109989945278465
1565109989945278465
1565114609467412480
1565114609467412480
1565115980371615747
1565115980371615747
1565123075405803520
1565123075405803520
1565123811913060352
1565123811913060352
1565125094795579393
1565125094795579393
1565125531414118400
1565125531414118400
1565125728013656064
1565125728013656064
1565127220858949632
1565127220858949632
1565127831171899392
1565127831171899392
1565127999095459841
1565127999095459841
1565134614078935041
1565134614078935041
1565136426718572544
1565136426718572544
1565140022646304768
1565140022646304768
1565140872815067139
1565140872815067139
1565141450584559621
1565141450584559621
1565260475264270336
1565260475264270336
1565260467693621248
1565260467693621248
1565260467160989696
1565260467160989696
1565260466288529408
1565260466288529408
1565366800140775425
1565366800140775425
1565388802549743616
1565388802549743616
1565467912403574787
1565467912403574787
1565467380503007233
1565467380503007233
1565475237084467200
1565475237084467200
1565529364678094848
1565529364678094848
1565593950181888005
1565593950181888005
1565477367879008256
1565477367879008256
1565628360407007232
1565628360407007232
1565714294825971712
1565714294825971712
1565715330256838657
1565715330256838657
1565716634001498112
1565716634001498112
1565718979330469889
1565718979330469889
1565720134722981895
1565720134722981895
1565720372137320448
1565720372137320448
1565727518270885889
1565727518270885889
1565724782091550721
1565724782091550721
1565724684548591616
1565724684548591616
1565723692990078978
1565723692990078978
1565723675336359943
1565723675336359943
1565723481156816898
1565723481156816898
1565723396205412353
1565723396205412353
1565723335845093378
1565723335845093378
1565722193341849607
1565722193341849607
1565722122483376129
1565722122483376129
1565775727730954240
1565775727730954240
1565813190692196352
1565813190692196352
1565813060203323395
1565813060203323395
1565810972073377793
1565810972073377793
1565810240905428994
1565810240905428994
1565808975584657415
1565808975584657415
1565808207632576513
1565808207632576513
1565807909241593856
1565807909241593856
1565801741857312769
1565801741857312769
1565801106386599940
1565801106386599940
1565800871895736322
1565800871895736322
1565816693435338759
1565816693435338759
1565816241490694145
1565816241490694145
1565816160947412996
1565816160947412996
1565828413134340101
1565828413134340101
1565828403193839616
1565828403193839616
1565828226080980995
1565828226080980995
1565834389749018624
1565834389749018624
1565840620983402496
1565840620983402496
1565847680311406592
1565847680311406592
1565850250341888000
1565850250341888000
1565855075511070720
1565855075511070720
1565859075392520194
1565859075392520194
1565857837544259584
1565857837544259584
1565857713350971393
1565857713350971393
1565856474882097153
1565856474882097153
1565856391532875776
1565856391532875776
1565862820985675776
1565862820985675776
1565870282467815424
1565870282467815424
1565874993279340544
1565874993279340544
1565875099982495751
1565875099982495751
1565877496171868160
1565877496171868160
1565882342220103680
1565882342220103680
1565883640281972739
1565883640281972739
1565884508766879744
1565884508766879744
1565886610415276032
1565886610415276032
1565888837066182656
1565888837066182656
1565889216923541504
1565889216923541504
1565890113195757569
1565890113195757569
1565890271098929153
1565890271098929153
1565891013058744320
1565891013058744320
1565892699445682176
1565892699445682176
1565892898159296512
1565892898159296512
1565894971298914305
1565894971298914305
1565896808559165443
1565896808559165443
1565913830093271041
1565913830093271041
1565922401141022721
1565922401141022721
1565930702704676864
1565930702704676864
1565930804676640768
1565930804676640768
1565940013002416128
1565940013002416128
1565940891457835008
1565940891457835008
1565941775256064000
1565941775256064000
1566126301299167234
1566126301299167234
1566122537594941440
1566122537594941440
1566122292761235456
1566122292761235456
1566122017597714432
1566122017597714432
1566121878019641344
1566121878019641344
1566120868169732096
1566120868169732096
1566044499154911233
1566044499154911233
1566018422894362626
1566018422894362626
1566149821672480769
1566149821672480769
1566154308126511105
1566154308126511105
1566157662965731328
1566157662965731328
1566159471495094272
1566159471495094272
1566160945621221381
1566160945621221381
1566167836854063104
1566167836854063104
1566173303357681664
1566173303357681664
1566194583121211393
1566194583121211393
1566199382420074496
1566199382420074496
1566199854199603200
1566199854199603200
1566211083240493056
1566211083240493056
1566280641431408647
1566280641431408647
1566305559766253570
1566305559766253570
1566472038167957504
1566472038167957504
1566476291758444544
1566476291758444544
